7.389016170925298554e-02 2.473561871886939892e-02 9.727953042873242404e-03 5.029818272859715861e-03 3.303028080124729288e-03 2.354955571228536850e-03 1.895095660933595032e-03 1.494162894586930843e-03 1.069133263027012169e-03 7.178701575084653732e-04 4.839624431006620095e-04 3.185063528975623308e-04 2.190200045406060371e-04 1.637231887950112586e-04 1.435757800483514397e-04 1.457057609317969986e-04 
7.331942120786170969e-02 2.417847632684616901e-02 9.343321145358532420e-03 4.701354535413204694e-03 3.007039017071044644e-03 2.077814817605902562e-03 1.631202935108751282e-03 1.243366641397688523e-03 8.435130144585747990e-04 5.414009493789252335e-04 3.845171153280599460e-04 3.282857888866396530e-04 3.234810314032040678e-04 3.219360853188536417e-04 3.028353938728947452e-04 2.975625182087832522e-04 
7.161615850712607645e-02 2.247986703432047415e-02 8.227376240538314747e-03 3.797921941168525169e-03 2.266646532204675494e-03 1.463851927895297445e-03 1.125391719304960755e-03 8.729825239771004351e-04 7.072989677657042472e-04 6.745627122606023558e-04 6.742941025909377850e-04 6.380984678289949733e-04 5.602772265225611009e-04 4.778448757495487261e-04 4.719674682656038668e-04 4.714978330654544855e-04 
6.816638929310638029e-02 1.905004024168591853e-02 6.198325501296648478e-03 2.488288890248897128e-03 1.643711385204835651e-03 1.424814729536460697e-03 1.408433356871317170e-03 1.409167507454567097e-03 1.383408606061608268e-03 1.263320658945577641e-03 1.051614021375352421e-03 7.989513439471494088e-04 6.800384394386483353e-04 6.807909847094945196e-04 6.742706079783497737e-04 6.742548939674088875e-04 
6.242055825257550317e-02 1.352401424917300775e-02 4.089166970261940218e-03 2.942016572262067583e-03 2.941239952811357163e-03 2.858441562510161474e-03 2.708958115067204055e-03 2.495496051979662153e-03 2.089149946243325662e-03 1.520885081175793983e-03 1.070746707127925900e-03 9.766129689176014997e-04 9.409434287516088352e-04 9.242339774196696141e-04 9.232747708373465053e-04 9.232748392700968572e-04 
5.417881026463845784e-02 7.862418235666183974e-03 6.282495255799425832e-03 6.085424218724279875e-03 5.238752923214247403e-03 4.432235378889594693e-03 3.781860267461385240e-03 3.061522003725278447e-03 2.104765827917504280e-03 1.451294088765148552e-03 1.428556664258433077e-03 1.255497641234661239e-03 1.237030216660970489e-03 1.229945555860665089e-03 1.229885765210469214e-03 1.229885752902697008e-03 
4.463298627104181349e-02 1.424817691589984683e-02 1.232640313532919196e-02 9.604949388619700434e-03 6.899745695402411533e-03 4.901714372576925632e-03 3.677957365562347248e-03 2.682110941666742548e-03 2.146188312952276769e-03 2.138534143235609666e-03 1.700200333812531455e-03 1.691067894938985206e-03 1.666834253605774252e-03 1.665944602147015124e-03 1.665940864927379804e-03 1.665940863871365370e-03 
3.919437901573664951e-02 2.994157615191152255e-02 1.893472030734090136e-02 1.159824356438205264e-02 6.731984429336562714e-03 4.163434477689491840e-03 3.537178153371420795e-03 3.481337781953744524e-03 3.253865112464963440e-03 2.390719390840990131e-03 2.393378781446505853e-03 2.340100710442597452e-03 2.335493459714062942e-03 2.335448332987887215e-03 2.335448144415159903e-03 2.335448141910501096e-03 
4.828264538938108197e-02 4.829206714184482857e-02 2.292045153711192926e-02 1.018166237159595817e-02 6.084216813687297158e-03 5.889814836512709088e-03 5.588065364480546138e-03 4.697097252307153373e-03 3.553937011171553334e-03 3.528451782011027705e-03 3.424332923836791772e-03 3.408211945593141948e-03 3.407858688007127119e-03 3.407852639593922373e-03 3.407852675293726163e-03 3.407852672349000970e-03 
7.320574846916275136e-02 6.434968667095891659e-02 2.106295507905078454e-02 9.919837026254495899e-03 9.930352730515951479e-03 7.814267674155831594e-03 5.943098647815828715e-03 5.402043483668554462e-03 5.124964522929359619e-03 4.979135176510300284e-03 4.935872931515872253e-03 4.933868625947533497e-03 4.933855867287985364e-03 4.933855835528880469e-03 4.933855828356732177e-03 4.933855829688562657e-03 
1.077731612540214351e-01 7.123743280314900894e-02 1.772862672722033336e-02 1.748793830760993206e-02 1.124443743129515012e-02 8.278805768327212808e-03 8.221316191935498091e-03 7.122717598779580370e-03 7.041270146796828680e-03 6.940494899508876415e-03 6.933575898524537741e-03 6.933480168333370358e-03 6.933478810923739480e-03 6.933478843502872448e-03 6.933478837865194623e-03 6.933478826378222659e-03 
1.456404561010009868e-01 6.221601282893646917e-02 2.863732270500497085e-02 1.850204703486509755e-02 1.237675895066113474e-02 1.104376888277631627e-02 9.524800914905271268e-03 9.466585965190800131e-03 9.293979043878890928e-03 9.272343884939093089e-03 9.271628260821141235e-03 9.271614276629426901e-03 9.271614256973955207e-03 9.271614257021637551e-03 9.271614259765026400e-03 9.271614260031006347e-03 
1.819781786630448595e-01 4.105061694924326543e-02 3.895742427420922221e-02 1.807715301562065266e-02 1.622119542094141095e-02 1.368753983775329759e-02 1.245707001172383435e-02 1.237047159519474165e-02 1.229102412148772895e-02 1.228788873613440545e-02 1.228778044000274766e-02 1.228778022808371673e-02 1.228778045296289451e-02 1.228778025659268795e-02 1.228778026480350366e-02 1.228778026447661584e-02 
2.114658101422794145e-01 5.486203866935522588e-02 3.008271957453885481e-02 2.655701935354784840e-02 1.624983082380558608e-02 1.318793695333973087e-02 1.318505317888335818e-02 1.301611223335019663e-02 1.299618770147607100e-02 1.299590494527945277e-02 1.299590022748398598e-02 1.299589894588593607e-02 1.299589904427592493e-02 1.299589907744470689e-02 1.299589910134549102e-02 1.299589910204218372e-02 
2.315754949755095271e-01 1.010008670926434565e-01 2.885258826098437493e-02 1.522318798392153887e-02 1.503922116190208914e-02 1.448405341615510190e-02 1.344180398866428802e-02 1.319700487764192791e-02 1.319017676806578422e-02 1.319014635658519521e-02 1.319014630558094057e-02 1.319014848598156452e-02 1.319014843701295410e-02 1.319014843967430614e-02 1.319014843819081226e-02 1.319014843409800283e-02 
