7.392366423040894197e-02 2.476910379443196877e-02 9.751457589195636558e-03 5.050513209609158553e-03 3.321886420176614011e-03 2.373031167934352460e-03 1.912636716072978367e-03 1.511235497662637541e-03 1.085206028296048031e-03 7.319835447494424559e-04 4.947741188554730064e-04 3.233311002885783840e-04 2.139687840716757313e-04 1.432771245586177643e-04 1.060729158591721083e-04 9.580815932095019236e-05 
7.382382604096557333e-02 2.466983569291768263e-02 9.681037000559725852e-03 4.988569039017956390e-03 3.264109346296811386e-03 2.316749629443566605e-03 1.857434870822785231e-03 1.456118608585216028e-03 1.030534692349492241e-03 6.789432068452404745e-04 4.446268678417422573e-04 2.809630575630232634e-04 1.862408642013598122e-04 1.406098254829791811e-04 1.312307409835349764e-04 1.349107410930116863e-04 
7.354500414588120705e-02 2.439984143706366501e-02 9.492711123289443789e-03 4.827021495852943690e-03 3.117945461434176897e-03 2.179089106944663567e-03 1.725063989252390061e-03 1.328506323436867264e-03 9.129392029539653555e-04 5.797697014355970499e-04 3.769218543113937682e-04 2.679783612904442186e-04 2.366369760893616834e-04 2.351640498725700496e-04 2.307170061388526575e-04 2.187103735507702027e-04 
7.302483179894249388e-02 2.388524157426859598e-02 9.143754970009215777e-03 4.531418721773801048e-03 2.855970305382456078e-03 1.937693511421526319e-03 1.499283476193799362e-03 1.119789367935829531e-03 7.345037719870912887e-04 4.606520701421780700e-04 3.448925607608818657e-04 3.237161651766407456e-04 3.239974309512068710e-04 3.042818665771794225e-04 2.568916879304570969e-04 2.564089048726529512e-04 
7.218353286165125893e-02 2.304594113966452681e-02 8.588960866583165987e-03 4.078579852230704988e-03 2.479063840547135033e-03 1.617454659758211762e-03 1.227022820433875056e-03 9.071386065909648909e-04 6.363315041795733788e-04 5.263272417904571671e-04 5.181316793347599033e-04 5.102723581786400503e-04 4.664377196319093944e-04 3.929083654782141257e-04 3.578053939853212493e-04 3.571825385414510680e-04 
7.094176602032613299e-02 2.180525048075195732e-02 7.800147512055616988e-03 3.468278831567323667e-03 2.017634627274756797e-03 1.285387365800381336e-03 1.009354942922012456e-03 8.307747556486521018e-04 7.513926494918095420e-04 7.502406451103802625e-04 7.264775356451229869e-04 6.355211837903266018e-04 5.005090107663561242e-04 3.999953396124037320e-04 4.028487880683912815e-04 4.027159322347138447e-04 
6.922469680346493570e-02 2.009709796536387691e-02 6.776828792778188081e-03 2.777990258477923673e-03 1.650468120167613477e-03 1.228362624769306155e-03 1.147787110256924623e-03 1.125901454506282769e-03 1.125717774830958329e-03 1.073244254192091745e-03 9.347088552520677572e-04 7.194334547396894885e-04 5.509110031964131434e-04 5.306584434625762721e-04 5.145925445309711176e-04 5.145855697467324524e-04 
6.696396801196756454e-02 1.786427105506198029e-02 5.573698621606186857e-03 2.249165458577919580e-03 1.714944697268549686e-03 1.640020653407852627e-03 1.640318447334847317e-03 1.625699059370376218e-03 1.538486001421307666e-03 1.317859594957789199e-03 1.001012976905673452e-03 6.819195768810631161e-04 5.977964264960153101e-04 5.702683241645800215e-04 5.702168409603804514e-04 5.702123814163831319e-04 
6.409404214843728020e-02 1.508948146846219099e-02 4.428860417278389534e-03 2.450868742678588477e-03 2.409676680128565798e-03 2.396872679856308381e-03 2.322495336622740474e-03 2.194950922674914970e-03 1.910869612327327017e-03 1.453535847366178900e-03 9.912426024979298367e-04 7.713253269173875890e-04 7.709472353886721125e-04 7.085791300121674612e-04 7.068174082486632743e-04 7.068175497938585438e-04 
6.058414681812041014e-02 1.187482530005695529e-02 4.020285862744353567e-03 3.544322736418596600e-03 3.456413565698404113e-03 3.249708263288475681e-03 2.997943773623319361e-03 2.670729915702543030e-03 2.103753739110814959e-03 1.385319786355876772e-03 9.286580671872175525e-04 9.081578619414269098e-04 7.725085082902104694e-04 7.757671763916598653e-04 7.755978847696120074e-04 7.755977505856628991e-04 
5.644904129810459498e-02 8.786440462471206692e-03 5.165303199260718597e-03 5.158667880167285870e-03 4.633179668160381480e-03 4.060037086934903568e-03 3.554835636847914794e-03 2.967231914909580683e-03 2.106126798070805453e-03 1.308846561755458568e-03 1.147424094663626300e-03 1.080318700257131828e-03 9.590275961646462866e-04 9.420827467236941736e-04 9.419847905219163589e-04 9.419847966168098290e-04 
5.180584145919953087e-02 7.857856653866655133e-03 7.566047580161322852e-03 6.967499948279955689e-03 5.731158455098621200e-03 4.648655344535825018e-03 3.827943906535856249e-03 2.954745385264382837e-03 1.885394052869589655e-03 1.377572923053071996e-03 1.373427786991688812e-03 1.030990957664626494e-03 1.031260786337192398e-03 1.030854147836935504e-03 1.030840933407396395e-03 1.030840966430869240e-03 
4.695316210552163971e-02 1.129420955590741162e-02 1.063829098737372435e-02 8.759104327195709958e-03 6.583313650504655709e-03 4.890644223332342617e-03 3.762774603583370764e-03 2.714652102822435586e-03 1.848868537199511476e-03 1.804218447604659728e-03 1.506142059857663992e-03 1.336220600389419330e-03 1.265045086506404485e-03 1.263178054763626360e-03 1.263174017284851656e-03 1.263174020236139091e-03 
4.250916704186889772e-02 1.767134767256638150e-02 1.401052483444831416e-02 1.030115222675596041e-02 7.012811763760230278e-03 4.690260171192947754e-03 3.390657142704996737e-03 2.485517756711927515e-03 2.234420404940244947e-03 2.058554505221612575e-03 1.429181002792459911e-03 1.386814624192985379e-03 1.387614117895884583e-03 1.387473776499504631e-03 1.387472963012872842e-03 1.387472957484806339e-03 
3.958615138139658790e-02 2.559082048477316976e-02 1.736936360992149750e-02 1.134175394935379479e-02 6.931502236826647678e-03 4.245787764283611224e-03 3.231724764481345470e-03 2.918084561757269216e-03 2.895685924428377436e-03 2.125131196806013482e-03 1.950613714284493662e-03 1.766438919170738170e-03 1.755570543333489011e-03 1.755505605447273782e-03 1.755505085372232590e-03 1.755505074562432920e-03 
3.977063077914953781e-02 3.443217439876673780e-02 2.029850469551143163e-02 1.153409686356830256e-02 6.282367276076220551e-03 3.985583769993578454e-03 3.712700765837663019e-03 3.711566394468885418e-03 3.056778108195897133e-03 2.115035580050246469e-03 1.922254251035718448e-03 1.927364304466334076e-03 1.926823436728191188e-03 1.926812089821771734e-03 1.926812000902482485e-03 1.926812000714283636e-03 
4.431664523538558081e-02 4.369434572607953926e-02 2.235397385610372531e-02 1.077755433675524691e-02 5.784339748489240526e-03 4.942154423451686727e-03 4.903595803737996472e-03 4.404635004984441306e-03 3.079203825813964929e-03 2.955817679626651304e-03 2.554950313888953734e-03 2.513649910179363480e-03 2.512797661184792020e-03 2.512789023819203202e-03 2.512789031680060133e-03 2.512789035985049223e-03 
5.326481240016509022e-02 5.274194997539849439e-02 2.304470164635620891e-02 9.367032439237222077e-03 6.451105751903049752e-03 6.462644519144196409e-03 5.658042064161335379e-03 4.264165220484780056e-03 3.347921566968329720e-03 2.830786481061615522e-03 2.847839231276099413e-03 2.846454900723245987e-03 2.846381890041126562e-03 2.846379699175202553e-03 2.846379695178776533e-03 2.846379685535278727e-03 
6.583049554368269884e-02 6.088204608799067941e-02 2.207524641966814027e-02 8.934455057392827471e-03 8.596508649455039328e-03 7.541667132723082687e-03 5.743984658149848578e-03 4.486793557360728955e-03 4.484793595162026372e-03 3.742946068141486411e-03 3.621434947330427409e-03 3.617043693397826911e-03 3.617010883958140556e-03 3.617011011644329001e-03 3.617011014721819954e-03 3.617011026711722081e-03 
8.121306404413018709e-02 6.726464508564572453e-02 1.970554897413092851e-02 1.127990556208739552e-02 1.067613733764796215e-02 7.225142131546297662e-03 5.430314527167804523e-03 5.352682084100168769e-03 4.086676278491629954e-03 4.110158636646406641e-03 4.108915388343124461e-03 4.108595097274379132e-03 4.108594046324355077e-03 4.108593942342526721e-03 4.108593924496740241e-03 4.108593933014194344e-03 
9.859973005491615150e-02 7.084509528549648438e-02 1.760976302995839390e-02 1.549685631169899630e-02 1.141334853804344511e-02 7.172291945875036191e-03 6.965054866506833336e-03 6.482671590446962770e-03 5.441917905553234937e-03 5.103057698282068705e-03 5.086596870376964598e-03 5.086371895606523960e-03 5.086369415762375355e-03 5.086369463596020386e-03 5.086369460147005875e-03 5.086369445231452707e-03 
1.171197240660170891e-01 7.060527766540539152e-02 1.888135326500248179e-02 1.866613420483227703e-02 1.017343829901672103e-02 8.584519272312313848e-03 7.723297814110802705e-03 5.821018389180623344e-03 5.630667127956838491e-03 5.636057567021991732e-03 5.635465708418516649e-03 5.635452456541358533e-03 5.635452351373301111e-03 5.635452290565417209e-03 5.635452290689513255e-03 5.635452293412586758e-03 
1.361215217421758439e-01 6.616625261074991771e-02 2.487021322318286320e-02 1.925893342001552475e-02 1.055149235564447827e-02 1.045769091879419910e-02 8.207648553270059655e-03 7.850404650023430977e-03 7.029636909986302154e-03 6.969665074932935613e-03 6.968276191265008850e-03 6.968261959239640743e-03 6.968262031570926669e-03 6.968262016584378209e-03 6.968262023619025379e-03 6.968262024058541858e-03 
1.550568519386462674e-01 5.726118959609872994e-02 3.206926400761062057e-02 1.671891662821484506e-02 1.328899661416176915e-02 9.504572678157349047e-03 8.696624159282028560e-03 7.472198172732436201e-03 7.496654587054295965e-03 7.496892616007009950e-03 7.496805196709270883e-03 7.496801495542829846e-03 7.496801585935139803e-03 7.496801617867324997e-03 7.496801615928860851e-03 7.496801616282184125e-03 
1.732124123202344046e-01 4.582766915852316825e-02 3.763843143214559706e-02 1.583800050230402268e-02 1.580127702295438044e-02 1.089318654048292492e-02 1.068285812657858262e-02 9.310812038523984258e-03 9.007340157710583273e-03 8.998393863855086786e-03 8.998213299854472547e-03 8.998212623019662126e-03 8.998212749625353335e-03 8.998212507967029775e-03 8.998212523018437811e-03 8.998212523160223700e-03 
1.900499002733005149e-01 3.814357604238634292e-02 3.813082715367899916e-02 1.968667991397845748e-02 1.348798945322821942e-02 1.273485905469758789e-02 9.672835287903394988e-03 9.338724682233753502e-03 9.350074765519350919e-03 9.350028506117009225e-03 9.350013044475004309e-03 9.350012177560984572e-03 9.350012387226843899e-03 9.350012231394833409e-03 9.350012237957349565e-03 9.350012236168546084e-03 
2.049423233763605079e-01 4.585738015390635608e-02 3.366344707958739829e-02 2.527811654964164795e-02 1.334115515490944155e-02 1.225737256849091308e-02 1.109487644441463014e-02 9.915558942007856799e-03 9.842716004456212794e-03 9.841672563589953446e-03 9.841661742633053822e-03 9.841662485184450929e-03 9.841662536282892379e-03 9.841662507463690146e-03 9.841662529975590476e-03 9.841662533727918785e-03 
2.173637742404709861e-01 6.537750433324408805e-02 2.558708444465195714e-02 2.512245084532905778e-02 1.707992796309798153e-02 1.174384280645259307e-02 1.023337081475294424e-02 1.019512576330529677e-02 1.019708967782066190e-02 1.019706665456404128e-02 1.019706612336383593e-02 1.019706174224687539e-02 1.019706216584180709e-02 1.019706227718166977e-02 1.019706232394823262e-02 1.019706232367378548e-02 
2.273630201535011275e-01 8.893924160214952690e-02 2.343164012155064813e-02 1.810625612240576374e-02 1.699947538944237418e-02 1.392283555000377142e-02 1.060770778453182066e-02 9.825049560965387618e-03 9.807782534588367629e-03 9.807680519238621761e-03 9.807679155797716444e-03 9.807686610208168204e-03 9.807686347201905602e-03 9.807686201043955276e-03 9.807686189255813633e-03 9.807686189167982849e-03 
2.350589763842827751e-01 1.123578189926673632e-01 3.632429104141057102e-02 1.499928943219897524e-02 1.008481374538536778e-02 9.955430736168800754e-03 1.004395672997062706e-02 1.004692249243729213e-02 1.004586866491491599e-02 1.004586050915605433e-02 1.004586371177855660e-02 1.004586387230247367e-02 1.004586386009994128e-02 1.004586365520116625e-02 1.004586364936212867e-02 1.004586364276974231e-02 
2.412171875190862180e-01 1.350659136705191221e-01 5.925325970411194493e-02 3.698072322051755567e-02 2.650945045151313975e-02 2.304204671722148365e-02 2.182367636666365102e-02 2.166366829212884593e-02 2.166165835129765793e-02 2.166164928609252971e-02 2.166165125884832177e-02 2.166165105543022343e-02 2.166165095601381083e-02 2.166165108023737282e-02 2.166165118972456990e-02 2.166165119589583479e-02 
