4.000000000000000000e+00 4.785555974399945140e+07 3.338790421900260728e+06 1.088846663303004345e+06 3.981005979369253619e+05 1.440683656739911996e+06 8.726531648709205911e+05 6.141870263337024953e+05 4.718062856705868035e+05 3.334209020751487114e+05 2.152344997413982346e+05 1.318146284606321424e+05 8.048128116797932307e+04 4.758816874489800102e+04 2.722377267464080069e+04 1.393176580067826944e+04 5.028312386878204052e+03
4.000000000000000000e+00 4.781804769671835005e+07 3.314023043368931860e+06 1.063649594227246242e+06 3.839934009993478539e+05 1.440683656739911996e+06 8.726531648709205911e+05 6.141870263337024953e+05 4.718062856705868035e+05 3.334209020751487114e+05 2.152344997413982346e+05 1.318146284606321424e+05 8.048128116797932307e+04 4.758816874489800102e+04 2.722377267464080069e+04 1.393176580067826944e+04 5.028312386878204052e+03
4.000000000000000000e+00 4.771585912533656508e+07 3.245053385895921849e+06 9.918156476227218518e+05 3.441702701491155894e+05 1.440683656739911996e+06 8.726531648709205911e+05 6.141870263337024953e+05 4.718062856705868035e+05 3.334209020751487114e+05 2.152344997413982346e+05 1.318146284606321424e+05 8.048128116797932307e+04 4.758816874489800102e+04 2.722377267464080069e+04 1.393176580067826944e+04 5.028312386878204052e+03
4.000000000000000000e+00 4.751465888288545609e+07 3.105697051373282913e+06 8.451323846604552818e+05 2.633981819199055317e+05 1.440683656739911996e+06 8.726531648709205911e+05 6.141870263337024953e+05 4.718062856705868035e+05 3.334209020751487114e+05 2.152344997413982346e+05 1.318146284606321424e+05 8.048128116797932307e+04 4.758816874489800102e+04 2.722377267464080069e+04 1.393176580067826944e+04 5.028312386878204052e+03
4.000000000000000000e+00 4.717735513746066391e+07 2.864600341516117100e+06 5.923037763599795289e+05 1.254624339912908617e+05 1.440683656739911996e+06 8.726531648709205911e+05 6.141870263337024953e+05 4.718062856705868035e+05 3.334209020751487114e+05 2.152344997413982346e+05 1.318146284606321424e+05 8.048128116797932307e+04 4.758816874489800102e+04 2.722377267464080069e+04 1.393176580067826944e+04 5.028312386878204052e+03
4.000000000000000000e+00 4.666437884365909547e+07 2.483714164125452749e+06 2.013394308209507435e+05 -8.306388842839002609e+04 1.440683656739911996e+06 8.726531648709205911e+05 6.141870263337024953e+05 4.718062856705868035e+05 3.334209020751487114e+05 2.152344997413982346e+05 1.318146284606321424e+05 8.048128116797932307e+04 4.758816874489800102e+04 2.722377267464080069e+04 1.393176580067826944e+04 5.028312386878204052e+03
4.000000000000000000e+00 4.592991946599147469e+07 1.915616764172808966e+06 -3.499383776126244338e+05 -3.608888658566661179e+05 1.440683656739911996e+06 8.726531648709205911e+05 6.141870263337024953e+05 4.718062856705868035e+05 3.334209020751487114e+05 2.152344997413982346e+05 1.318146284606321424e+05 8.048128116797932307e+04 4.758816874489800102e+04 2.722377267464080069e+04 1.393176580067826944e+04 5.028312386878204052e+03
4.000000000000000000e+00 4.492028378956534714e+07 1.099813059837869601e+06 -1.057080772783581633e+06 -6.632173984494163888e+05 1.440683656739911996e+06 8.726531648709205911e+05 6.141870263337024953e+05 4.718062856705868035e+05 3.334209020751487114e+05 2.152344997413982346e+05 1.318146284606321424e+05 8.048128116797932307e+04 4.758816874489800102e+04 2.722377267464080069e+04 1.393176580067826944e+04 5.028312386878204052e+03
4.000000000000000000e+00 4.357137878724730015e+07 -3.056582331804521527e+04 -1.843293771364985965e+06 -8.557699987434579525e+05 1.440683656739911996e+06 8.726531648709205911e+05 6.141870263337024953e+05 4.718062856705868035e+05 3.334209020751487114e+05 2.152344997413982346e+05 1.318146284606321424e+05 8.048128116797932307e+04 4.758816874489800102e+04 2.722377267464080069e+04 1.393176580067826944e+04 5.028312386878204052e+03
4.000000000000000000e+00 4.181947645484409481e+07 -1.505565802389502525e+06 -2.494822070461134426e+06 -7.127982127667933237e+05 1.440683656739911996e+06 8.726531648709205911e+05 6.141870263337024953e+05 4.718062856705868035e+05 3.334209020751487114e+05 2.152344997413982346e+05 1.318146284606321424e+05 8.048128116797932307e+04 4.758816874489800102e+04 2.722377267464080069e+04 1.393176580067826944e+04 5.028312386878204052e+03
4.000000000000000000e+00 3.966063223506120592e+07 -3.224125178255801555e+06 -2.646852937459358014e+06 -8.187883279216842493e+04 1.440683656739911996e+06 8.726531648709205911e+05 6.141870263337024953e+05 4.718062856705868035e+05 3.334209020751487114e+05 2.152344997413982346e+05 1.318146284606321424e+05 8.048128116797932307e+04 4.758816874489800102e+04 2.722377267464080069e+04 1.393176580067826944e+04 5.028312386878204052e+03
4.000000000000000000e+00 3.721310419101094455e+07 -4.901531356090082787e+06 -1.959569736566301668e+06 7.582369298465382308e+05 1.440683656739911996e+06 8.726531648709205911e+05 6.141870263337024953e+05 4.718062856705868035e+05 3.334209020751487114e+05 2.152344997413982346e+05 1.318146284606321424e+05 8.048128116797932307e+04 4.758816874489800102e+04 2.722377267464080069e+04 1.393176580067826944e+04 5.028312386878204052e+03
4.000000000000000000e+00 3.469106348945800215e+07 -6.147331240746632218e+06 -4.116852694651657948e+05 1.066973981234711362e+06 1.440683656739911996e+06 8.726531648709205911e+05 6.141870263337024953e+05 4.718062856705868035e+05 3.334209020751487114e+05 2.152344997413982346e+05 1.318146284606321424e+05 8.048128116797932307e+04 4.758816874489800102e+04 2.722377267464080069e+04 1.393176580067826944e+04 5.028312386878204052e+03
4.000000000000000000e+00 3.238789136837596446e+07 -6.663290049314564094e+06 1.459484692610182101e+06 4.089209242763005313e+05 1.440683656739911996e+06 8.726531648709205911e+05 6.141870263337024953e+05 4.718062856705868035e+05 3.334209020751487114e+05 2.152344997413982346e+05 1.318146284606321424e+05 8.048128116797932307e+04 4.758816874489800102e+04 2.722377267464080069e+04 1.393176580067826944e+04 5.028312386878204052e+03
4.000000000000000000e+00 3.051319987094773352e+07 -6.469310847735325806e+06 2.935928221659136005e+06 -7.030606926214548294e+05 1.440683656739911996e+06 8.726531648709205911e+05 6.141870263337024953e+05 4.718062856705868035e+05 3.334209020751487114e+05 2.152344997413982346e+05 1.318146284606321424e+05 8.048128116797932307e+04 4.758816874489800102e+04 2.722377267464080069e+04 1.393176580067826944e+04 5.028312386878204052e+03
