1.000000000000000000e+00 4.785555974399945140e+07 1.582612102435676008e+07 6.838616006797920913e+06 2.579473850599376019e+06 1.440683656739911996e+06 8.726531648709205911e+05 6.141870263337024953e+05 4.718062856705868035e+05 3.334209020751487114e+05 2.152344997413982346e+05 1.318146284606321424e+05 8.048128116797932307e+04 4.758816874489800102e+04 2.722377267464080069e+04 1.393176580067826944e+04 5.028312386878204052e+03
1.000000000000000000e+00 4.781804769671835005e+07 1.582612102435676008e+07 6.838616006797920913e+06 2.579473850599376019e+06 1.440683656739911996e+06 8.726531648709205911e+05 6.141870263337024953e+05 4.718062856705868035e+05 3.334209020751487114e+05 2.152344997413982346e+05 1.318146284606321424e+05 8.048128116797932307e+04 4.758816874489800102e+04 2.722377267464080069e+04 1.393176580067826944e+04 5.028312386878204052e+03
1.000000000000000000e+00 4.771585912533656508e+07 1.582612102435676008e+07 6.838616006797920913e+06 2.579473850599376019e+06 1.440683656739911996e+06 8.726531648709205911e+05 6.141870263337024953e+05 4.718062856705868035e+05 3.334209020751487114e+05 2.152344997413982346e+05 1.318146284606321424e+05 8.048128116797932307e+04 4.758816874489800102e+04 2.722377267464080069e+04 1.393176580067826944e+04 5.028312386878204052e+03
1.000000000000000000e+00 4.751465888288545609e+07 1.582612102435676008e+07 6.838616006797920913e+06 2.579473850599376019e+06 1.440683656739911996e+06 8.726531648709205911e+05 6.141870263337024953e+05 4.718062856705868035e+05 3.334209020751487114e+05 2.152344997413982346e+05 1.318146284606321424e+05 8.048128116797932307e+04 4.758816874489800102e+04 2.722377267464080069e+04 1.393176580067826944e+04 5.028312386878204052e+03
1.000000000000000000e+00 4.717735513746066391e+07 1.582612102435676008e+07 6.838616006797920913e+06 2.579473850599376019e+06 1.440683656739911996e+06 8.726531648709205911e+05 6.141870263337024953e+05 4.718062856705868035e+05 3.334209020751487114e+05 2.152344997413982346e+05 1.318146284606321424e+05 8.048128116797932307e+04 4.758816874489800102e+04 2.722377267464080069e+04 1.393176580067826944e+04 5.028312386878204052e+03
1.000000000000000000e+00 4.666437884365909547e+07 1.582612102435676008e+07 6.838616006797920913e+06 2.579473850599376019e+06 1.440683656739911996e+06 8.726531648709205911e+05 6.141870263337024953e+05 4.718062856705868035e+05 3.334209020751487114e+05 2.152344997413982346e+05 1.318146284606321424e+05 8.048128116797932307e+04 4.758816874489800102e+04 2.722377267464080069e+04 1.393176580067826944e+04 5.028312386878204052e+03
1.000000000000000000e+00 4.592991946599147469e+07 1.582612102435676008e+07 6.838616006797920913e+06 2.579473850599376019e+06 1.440683656739911996e+06 8.726531648709205911e+05 6.141870263337024953e+05 4.718062856705868035e+05 3.334209020751487114e+05 2.152344997413982346e+05 1.318146284606321424e+05 8.048128116797932307e+04 4.758816874489800102e+04 2.722377267464080069e+04 1.393176580067826944e+04 5.028312386878204052e+03
1.000000000000000000e+00 4.492028378956534714e+07 1.582612102435676008e+07 6.838616006797920913e+06 2.579473850599376019e+06 1.440683656739911996e+06 8.726531648709205911e+05 6.141870263337024953e+05 4.718062856705868035e+05 3.334209020751487114e+05 2.152344997413982346e+05 1.318146284606321424e+05 8.048128116797932307e+04 4.758816874489800102e+04 2.722377267464080069e+04 1.393176580067826944e+04 5.028312386878204052e+03
1.000000000000000000e+00 4.357137878724730015e+07 1.582612102435676008e+07 6.838616006797920913e+06 2.579473850599376019e+06 1.440683656739911996e+06 8.726531648709205911e+05 6.141870263337024953e+05 4.718062856705868035e+05 3.334209020751487114e+05 2.152344997413982346e+05 1.318146284606321424e+05 8.048128116797932307e+04 4.758816874489800102e+04 2.722377267464080069e+04 1.393176580067826944e+04 5.028312386878204052e+03
1.000000000000000000e+00 4.181947645484409481e+07 1.582612102435676008e+07 6.838616006797920913e+06 2.579473850599376019e+06 1.440683656739911996e+06 8.726531648709205911e+05 6.141870263337024953e+05 4.718062856705868035e+05 3.334209020751487114e+05 2.152344997413982346e+05 1.318146284606321424e+05 8.048128116797932307e+04 4.758816874489800102e+04 2.722377267464080069e+04 1.393176580067826944e+04 5.028312386878204052e+03
1.000000000000000000e+00 3.966063223506120592e+07 1.582612102435676008e+07 6.838616006797920913e+06 2.579473850599376019e+06 1.440683656739911996e+06 8.726531648709205911e+05 6.141870263337024953e+05 4.718062856705868035e+05 3.334209020751487114e+05 2.152344997413982346e+05 1.318146284606321424e+05 8.048128116797932307e+04 4.758816874489800102e+04 2.722377267464080069e+04 1.393176580067826944e+04 5.028312386878204052e+03
1.000000000000000000e+00 3.721310419101094455e+07 1.582612102435676008e+07 6.838616006797920913e+06 2.579473850599376019e+06 1.440683656739911996e+06 8.726531648709205911e+05 6.141870263337024953e+05 4.718062856705868035e+05 3.334209020751487114e+05 2.152344997413982346e+05 1.318146284606321424e+05 8.048128116797932307e+04 4.758816874489800102e+04 2.722377267464080069e+04 1.393176580067826944e+04 5.028312386878204052e+03
1.000000000000000000e+00 3.469106348945800215e+07 1.582612102435676008e+07 6.838616006797920913e+06 2.579473850599376019e+06 1.440683656739911996e+06 8.726531648709205911e+05 6.141870263337024953e+05 4.718062856705868035e+05 3.334209020751487114e+05 2.152344997413982346e+05 1.318146284606321424e+05 8.048128116797932307e+04 4.758816874489800102e+04 2.722377267464080069e+04 1.393176580067826944e+04 5.028312386878204052e+03
1.000000000000000000e+00 3.238789136837596446e+07 1.582612102435676008e+07 6.838616006797920913e+06 2.579473850599376019e+06 1.440683656739911996e+06 8.726531648709205911e+05 6.141870263337024953e+05 4.718062856705868035e+05 3.334209020751487114e+05 2.152344997413982346e+05 1.318146284606321424e+05 8.048128116797932307e+04 4.758816874489800102e+04 2.722377267464080069e+04 1.393176580067826944e+04 5.028312386878204052e+03
1.000000000000000000e+00 3.051319987094773352e+07 1.582612102435676008e+07 6.838616006797920913e+06 2.579473850599376019e+06 1.440683656739911996e+06 8.726531648709205911e+05 6.141870263337024953e+05 4.718062856705868035e+05 3.334209020751487114e+05 2.152344997413982346e+05 1.318146284606321424e+05 8.048128116797932307e+04 4.758816874489800102e+04 2.722377267464080069e+04 1.393176580067826944e+04 5.028312386878204052e+03
